                                   [54454]
                                       (7645)
                               (5434)
                                   [4565]
                           [653]
                               [434]
                       (345)
                                   (333)
                               [324]
                                   (76)
                           [65]
                               [65]
                   [65]
                           [56]
                       [56]
                               (54)
                           [54]
               [34]
                           [27]
                       [25]
                               (23)
                           (21)
                   [20]
                               [16]
                           [15]
                               [14]
                       (11)
                               [8]
                           [6]
                                       (5.4)
                                   [5]
                                       (4)
                               (3)
                                   [3]
                                       (2.3)

                                   [54454]
                                       (7645)
                               (5434)
                                   [4565]
                           [653]
                               [434]
                       (345)
                                   (333)
                               [324]
                                   (76)
                           [65]
                               [65]
                   [65]
                           [56]
                       [56]
                               (54)
                           [54]
               [34]
                           [27]
                       [25]
                               (23)
                           (21)
                   [20]
                               [16]
                           [15]
                               [14]
                       (11)
                               [8]
                           [6]
                                       (5.4)
                                   [5]
                                       (4)
                               (3)
                                   [3]
                                       (2.3)

